 -----------------
|
| 0  1  2  3      | 0
|                 |
| 0  1  2  3      | 1
|                 |
| 0  1  2  3      | 2
|                 |
| 0  1  2  3      | 3
-----------------

              5     3     10      18     100    2     40     20
         ------------------------------------------------------
x1---> 0      5     5     10      18      100         100
x2---> 0      0     3      5      10      18           40
x3---> 0      0     0      3      5       10           18
x4---> 0      0     0      0      3       5            10


0 , 1  -> 3, 2
3 , 2
0 , 2




ColumnReverse = EP - (renglon)  ===>  3 - 2 = 1
-------------------------------------------------
Renglon        EP   - Renglon  ==>
0               3  -     0               3
1               3  -     1               2
2               3  -     2               1
3               3  -     3               0

Row Reverse  =
---------------------------------------------
Columna        EP   - Columna  ==>
0               3  -     0               3
1               3  -     1               2
2               3  -     2               1
3               3  -     3               0

